Parameter info:
Lambda S: 0.0970398669097
Tau_min: 21.4812107177
Ava_angle: 77.1693137056
Height: 143.5111956 Depth: 400 Length: 1500
Frequencies logged: 18

Summary data below:
    Total Time   X  Y  S.D. Amplitude  Avg. Amplitude  Wavelength  S.D. Phase Velocity  Avg. Phase Velocity
0        10000  22  3        0.320438        0.881798    0.045455             0.029357            -0.545622
1        10000  19  1        0.892094        1.782561    0.052632             0.025040            -0.545058
2        10000  18  0        0.592437        1.237667    0.055556             0.044443            -0.540555
3        10000  22  1        0.333935        0.847780    0.045455             0.040271            -0.544404
4        10000  14  0        0.999423        1.570582    0.071429             0.017689            -0.542246
5        10000  15  0        0.715467        1.249139    0.066667             0.020173            -0.542183
6        10000  17  2        0.499388        1.004552    0.058824             0.019533            -0.543885
7        10000  15  3        0.363373        0.781572    0.066667             0.037200            -0.540780
8        10000  16  0        0.536050        0.895354    0.062500             0.036193            -0.541488
9        10000  21  0        0.459837        0.834057    0.047619             0.031455            -0.545356
10       10000  17  0        0.568924        0.847316    0.058824             0.025932            -0.544148
11       10000  15  2        0.368120        0.753858    0.066667             0.042471            -0.539388
12       10000  15  1        0.480741        0.779539    0.066667             0.026190            -0.542088
13       10000  17  1        0.352591        0.750954    0.058824             0.023184            -0.543485
14       10000  20  2        0.307155        0.635716    0.050000             0.021017            -0.545577
15       10000  12  0        0.461247        0.669262    0.083333             0.030328            -0.539787
16       10000  19  2        0.300832        0.695956    0.052632             0.027113            -0.543962
17       10000  11  1        0.312800        0.556628    0.090909             0.028495            -0.539705
