501
     0    0.312049   1.000000 
     1    0.311049   0.996795 
     2    0.310049   0.993591 
     3    0.309049   0.990386 
     4    0.308049   0.987182 
     5    0.307049   0.983977 
     6    0.306049   0.980773 
     7    0.305049   0.977568 
     8    0.304049   0.974364 
     9    0.303050   0.971160 
    10    0.302050   0.967955 
    11    0.301050   0.964751 
    12    0.300050   0.961546 
    13    0.299050   0.958342 
    14    0.298050   0.955137 
    15    0.297050   0.951933 
    16    0.296050   0.948728 
    17    0.295050   0.945524 
    18    0.294050   0.942319 
    19    0.293050   0.939115 
    20    0.292050   0.935910 
    21    0.291050   0.932706 
    22    0.290050   0.929502 
    23    0.289050   0.926297 
    24    0.288050   0.923093 
    25    0.287050   0.919888 
    26    0.286051   0.916684 
    27    0.285051   0.913480 
    28    0.284051   0.910275 
    29    0.283051   0.907071 
    30    0.282051   0.903867 
    31    0.281051   0.900663 
    32    0.280051   0.897458 
    33    0.279051   0.894254 
    34    0.278051   0.891050 
    35    0.277051   0.887846 
    36    0.276052   0.884641 
    37    0.275052   0.881437 
    38    0.274052   0.878233 
    39    0.273052   0.875029 
    40    0.272052   0.871825 
    41    0.271052   0.868620 
    42    0.270052   0.865416 
    43    0.269053   0.862212 
    44    0.268053   0.859008 
    45    0.267053   0.855805 
    46    0.266053   0.852601 
    47    0.265054   0.849397 
    48    0.264054   0.846193 
    49    0.263054   0.842989 
    50    0.262054   0.839785 
    51    0.261055   0.836581 
    52    0.260055   0.833378 
    53    0.259055   0.830174 
    54    0.258055   0.826970 
    55    0.257056   0.823766 
    56    0.256056   0.820563 
    57    0.255056   0.817359 
    58    0.254057   0.814156 
    59    0.253057   0.810952 
    60    0.252057   0.807748 
    61    0.251058   0.804545 
    62    0.250058   0.801341 
    63    0.249058   0.798138 
    64    0.248059   0.794935 
    65    0.247059   0.791731 
    66    0.246060   0.788528 
    67    0.245060   0.785325 
    68    0.244060   0.782122 
    69    0.243061   0.778919 
    70    0.242061   0.775716 
    71    0.241062   0.772513 
    72    0.240063   0.769310 
    73    0.239063   0.766107 
    74    0.238064   0.762905 
    75    0.237064   0.759702 
    76    0.236065   0.756499 
    77    0.235066   0.753297 
    78    0.234066   0.750094 
    79    0.233067   0.746892 
    80    0.232068   0.743690 
    81    0.231069   0.740488 
    82    0.230069   0.737286 
    83    0.229070   0.734084 
    84    0.228071   0.730881 
    85    0.227072   0.727680 
    86    0.226073   0.724478 
    87    0.225074   0.721276 
    88    0.224075   0.718075 
    89    0.223075   0.714873 
    90    0.222076   0.711671 
    91    0.221077   0.708469 
    92    0.220078   0.705268 
    93    0.219080   0.702067 
    94    0.218081   0.698867 
    95    0.217082   0.695666 
    96    0.216083   0.692465 
    97    0.215084   0.689264 
    98    0.214085   0.686063 
    99    0.213087   0.682863 
   100    0.212088   0.679663 
   101    0.211090   0.676464 
   102    0.210091   0.673264 
   103    0.209093   0.670064 
   104    0.208095   0.666865 
   105    0.207096   0.663665 
   106    0.206098   0.660466 
   107    0.205100   0.657268 
   108    0.204102   0.654070 
   109    0.203104   0.650872 
   110    0.202106   0.647674 
   111    0.201108   0.644476 
   112    0.200110   0.641278 
   113    0.199113   0.638081 
   114    0.198115   0.634885 
   115    0.197118   0.631689 
   116    0.196121   0.628494 
   117    0.195124   0.625298 
   118    0.194126   0.622102 
   119    0.193129   0.618906 
   120    0.192132   0.615711 
   121    0.191136   0.612518 
   122    0.190139   0.609324 
   123    0.189143   0.606131 
   124    0.188146   0.602937 
   125    0.187150   0.599744 
   126    0.186153   0.596550 
   127    0.185157   0.593358 
   128    0.184161   0.590168 
   129    0.183166   0.586978 
   130    0.182170   0.583788 
   131    0.181175   0.580597 
   132    0.180179   0.577407 
   133    0.179184   0.574217 
   134    0.178189   0.571028 
   135    0.177195   0.567842 
   136    0.176200   0.564655 
   137    0.175206   0.561469 
   138    0.174212   0.558283 
   139    0.173217   0.555096 
   140    0.172223   0.551910 
   141    0.171229   0.548725 
   142    0.170237   0.545544 
   143    0.169244   0.542364 
   144    0.168252   0.539184 
   145    0.167259   0.536003 
   146    0.166267   0.532823 
   147    0.165275   0.529643 
   148    0.164282   0.526463 
   149    0.163292   0.523289 
   150    0.162302   0.520116 
   151    0.161312   0.516943 
   152    0.160321   0.513770 
   153    0.159331   0.510597 
   154    0.158341   0.507423 
   155    0.157351   0.504250 
   156    0.156363   0.501085 
   157    0.155376   0.497921 
   158    0.154388   0.494756 
   159    0.153401   0.491592 
   160    0.152413   0.488427 
   161    0.151426   0.485263 
   162    0.150438   0.482098 
   163    0.149454   0.478943 
   164    0.148470   0.475789 
   165    0.147485   0.472635 
   166    0.146501   0.469481 
   167    0.145517   0.466328 
   168    0.144533   0.463174 
   169    0.143549   0.460020 
   170    0.142568   0.456876 
   171    0.141588   0.453736 
   172    0.140608   0.450595 
   173    0.139628   0.447454 
   174    0.138648   0.444314 
   175    0.137668   0.441173 
   176    0.136688   0.438033 
   177    0.135711   0.434903 
   178    0.134736   0.431778 
   179    0.133761   0.428654 
   180    0.132786   0.425529 
   181    0.131811   0.422405 
   182    0.130836   0.419280 
   183    0.129861   0.416156 
   184    0.128890   0.413043 
   185    0.127921   0.409939 
   186    0.126952   0.406834 
   187    0.125984   0.403730 
   188    0.125015   0.400626 
   189    0.124046   0.397521 
   190    0.123078   0.394417 
   191    0.122113   0.391326 
   192    0.121153   0.388248 
   193    0.120192   0.385171 
   194    0.119232   0.382093 
   195    0.118272   0.379016 
   196    0.117311   0.375938 
   197    0.116351   0.372861 
   198    0.115394   0.369794 
   199    0.114443   0.366746 
   200    0.113491   0.363697 
   201    0.112540   0.360648 
   202    0.111588   0.357599 
   203    0.110637   0.354550 
   204    0.109685   0.351501 
   205    0.108737   0.348462 
   206    0.107796   0.345447 
   207    0.106855   0.342431 
   208    0.105914   0.339416 
   209    0.104973   0.336400 
   210    0.104032   0.333385 
   211    0.103091   0.330369 
   212    0.102153   0.327363 
   213    0.101225   0.324387 
   214    0.100296   0.321412 
   215    0.099368   0.318436 
   216    0.098439   0.315461 
   217    0.097511   0.312486 
   218    0.096582   0.309510 
   219    0.095656   0.306541 
   220    0.094742   0.303612 
   221    0.093828   0.300683 
   222    0.092914   0.297754 
   223    0.092000   0.294825 
   224    0.091086   0.291896 
   225    0.090172   0.288967 
   226    0.089259   0.286040 
   227    0.088361   0.283163 
   228    0.087463   0.280285 
   229    0.086565   0.277408 
   230    0.085667   0.274530 
   231    0.084769   0.271653 
   232    0.083871   0.268776 
   233    0.082973   0.265898 
   234    0.082094   0.263079 
   235    0.081215   0.260264 
   236    0.080337   0.257448 
   237    0.079458   0.254633 
   238    0.078579   0.251817 
   239    0.077701   0.249002 
   240    0.076822   0.246186 
   241    0.075963   0.243432 
   242    0.075106   0.240687 
   243    0.074250   0.237943 
   244    0.073393   0.235198 
   245    0.072537   0.232454 
   246    0.071681   0.229710 
   247    0.070824   0.226965 
   248    0.069988   0.224285 
   249    0.069158   0.221625 
   250    0.068328   0.218965 
   251    0.067498   0.216305 
   252    0.066668   0.213645 
   253    0.065838   0.210985 
   254    0.065008   0.208325 
   255    0.064197   0.205727 
   256    0.063395   0.203158 
   257    0.062594   0.200589 
   258    0.061792   0.198021 
   259    0.060991   0.195452 
   260    0.060189   0.192884 
   261    0.059388   0.190315 
   262    0.058605   0.187806 
   263    0.057835   0.185340 
   264    0.057066   0.182874 
   265    0.056296   0.180407 
   266    0.055526   0.177941 
   267    0.054757   0.175475 
   268    0.053987   0.173008 
   269    0.053238   0.170607 
   270    0.052509   0.168271 
   271    0.051780   0.165936 
   272    0.051051   0.163600 
   273    0.050323   0.161265 
   274    0.049594   0.158929 
   275    0.048865   0.156594 
   276    0.048151   0.154307 
   277    0.047460   0.152093 
   278    0.046769   0.149878 
   279    0.046078   0.147664 
   280    0.045387   0.145449 
   281    0.044696   0.143235 
   282    0.044005   0.141020 
   283    0.043327   0.138847 
   284    0.042676   0.136762 
   285    0.042026   0.134677 
   286    0.041375   0.132593 
   287    0.040725   0.130508 
   288    0.040074   0.128423 
   289    0.039424   0.126339 
   290    0.038783   0.124284 
   291    0.038174   0.122333 
   292    0.037565   0.120382 
   293    0.036956   0.118431 
   294    0.036347   0.116480 
   295    0.035739   0.114528 
   296    0.035130   0.112577 
   297    0.034526   0.110644 
   298    0.033960   0.108828 
   299    0.033393   0.107011 
   300    0.032826   0.105194 
   301    0.032259   0.103377 
   302    0.031692   0.101560 
   303    0.031125   0.099744 
   304    0.030560   0.097933 
   305    0.030035   0.096251 
   306    0.029510   0.094569 
   307    0.028985   0.092887 
   308    0.028460   0.091205 
   309    0.027936   0.089523 
   310    0.027411   0.087841 
   311    0.026886   0.086159 
   312    0.026402   0.084609 
   313    0.025921   0.083065 
   314    0.025439   0.081522 
   315    0.024957   0.079978 
   316    0.024475   0.078434 
   317    0.023994   0.076890 
   318    0.023512   0.075346 
   319    0.023066   0.073918 
   320    0.022626   0.072508 
   321    0.022186   0.071098 
   322    0.021746   0.069687 
   323    0.021306   0.068277 
   324    0.020866   0.066867 
   325    0.020426   0.065457 
   326    0.020017   0.064147 
   327    0.019617   0.062866 
   328    0.019218   0.061585 
   329    0.018818   0.060305 
   330    0.018418   0.059024 
   331    0.018019   0.057743 
   332    0.017619   0.056462 
   333    0.017247   0.055269 
   334    0.016887   0.054116 
   335    0.016527   0.052964 
   336    0.016168   0.051811 
   337    0.015808   0.050658 
   338    0.015448   0.049505 
   339    0.015088   0.048352 
   340    0.014752   0.047274 
   341    0.014431   0.046247 
   342    0.014111   0.045220 
   343    0.013790   0.044193 
   344    0.013470   0.043165 
   345    0.013149   0.042138 
   346    0.012829   0.041111 
   347    0.012529   0.040152 
   348    0.012251   0.039260 
   349    0.011973   0.038367 
   350    0.011694   0.037475 
   351    0.011416   0.036583 
   352    0.011137   0.035691 
   353    0.010859   0.034799 
   354    0.010594   0.033951 
   355    0.010350   0.033167 
   356    0.010105   0.032382 
   357    0.009860   0.031598 
   358    0.009615   0.030813 
   359    0.009370   0.030029 
   360    0.009126   0.029244 
   361    0.008891   0.028493 
   362    0.008678   0.027810 
   363    0.008465   0.027127 
   364    0.008252   0.026444 
   365    0.008039   0.025761 
   366    0.007826   0.025078 
   367    0.007613   0.024395 
   368    0.007406   0.023734 
   369    0.007222   0.023144 
   370    0.007038   0.022554 
   371    0.006854   0.021964 
   372    0.006670   0.021374 
   373    0.006486   0.020784 
   374    0.006301   0.020194 
   375    0.006121   0.019616 
   376    0.005963   0.019110 
   377    0.005805   0.018604 
   378    0.005647   0.018098 
   379    0.005490   0.017592 
   380    0.005332   0.017086 
   381    0.005174   0.016580 
   382    0.005017   0.016079 
   383    0.004883   0.015649 
   384    0.004749   0.015220 
   385    0.004615   0.014791 
   386    0.004481   0.014361 
   387    0.004348   0.013932 
   388    0.004214   0.013503 
   389    0.004080   0.013074 
   390    0.003966   0.012710 
   391    0.003854   0.012350 
   392    0.003741   0.011989 
   393    0.003629   0.011628 
   394    0.003516   0.011268 
   395    0.003403   0.010907 
   396    0.003291   0.010546 
   397    0.003195   0.010239 
   398    0.003101   0.009938 
   399    0.003008   0.009638 
   400    0.002914   0.009338 
   401    0.002820   0.009038 
   402    0.002727   0.008738 
   403    0.002633   0.008438 
   404    0.002552   0.008179 
   405    0.002475   0.007931 
   406    0.002398   0.007684 
   407    0.002320   0.007436 
   408    0.002243   0.007188 
   409    0.002166   0.006941 
   410    0.002088   0.006693 
   411    0.002021   0.006476 
   412    0.001958   0.006274 
   413    0.001894   0.006071 
   414    0.001831   0.005868 
   415    0.001768   0.005666 
   416    0.001705   0.005463 
   417    0.001642   0.005260 
   418    0.001585   0.005081 
   419    0.001534   0.004916 
   420    0.001483   0.004751 
   421    0.001431   0.004587 
   422    0.001380   0.004422 
   423    0.001329   0.004257 
   424    0.001277   0.004093 
   425    0.001232   0.003947 
   426    0.001192   0.003820 
   427    0.001152   0.003693 
   428    0.001113   0.003566 
   429    0.001073   0.003439 
   430    0.001033   0.003312 
   431    0.000994   0.003184 
   432    0.000957   0.003068 
   433    0.000926   0.002967 
   434    0.000894   0.002865 
   435    0.000863   0.002764 
   436    0.000831   0.002663 
   437    0.000799   0.002561 
   438    0.000768   0.002460 
   439    0.000738   0.002366 
   440    0.000714   0.002288 
   441    0.000690   0.002210 
   442    0.000665   0.002132 
   443    0.000641   0.002053 
   444    0.000616   0.001975 
   445    0.000592   0.001897 
   446    0.000569   0.001823 
   447    0.000550   0.001762 
   448    0.000531   0.001701 
   449    0.000512   0.001640 
   450    0.000493   0.001579 
   451    0.000474   0.001518 
   452    0.000455   0.001457 
   453    0.000436   0.001398 
   454    0.000421   0.001350 
   455    0.000406   0.001301 
   456    0.000391   0.001253 
   457    0.000376   0.001205 
   458    0.000361   0.001157 
   459    0.000346   0.001109 
   460    0.000331   0.001061 
   461    0.000320   0.001025 
   462    0.000308   0.000988 
   463    0.000297   0.000951 
   464    0.000285   0.000915 
   465    0.000274   0.000878 
   466    0.000263   0.000841 
   467    0.000251   0.000805 
   468    0.000242   0.000776 
   469    0.000233   0.000748 
   470    0.000225   0.000720 
   471    0.000216   0.000691 
   472    0.000207   0.000663 
   473    0.000198   0.000635 
   474    0.000189   0.000606 
   475    0.000182   0.000584 
   476    0.000175   0.000562 
   477    0.000168   0.000540 
   478    0.000162   0.000518 
   479    0.000155   0.000496 
   480    0.000148   0.000474 
   481    0.000141   0.000452 
   482    0.000136   0.000434 
   483    0.000130   0.000418 
   484    0.000125   0.000401 
   485    0.000120   0.000385 
   486    0.000115   0.000368 
   487    0.000110   0.000352 
   488    0.000105   0.000336 
   489    0.000101   0.000322 
   490    0.000097   0.000310 
   491    0.000093   0.000298 
   492    0.000089   0.000286 
   493    0.000085   0.000273 
   494    0.000081   0.000261 
   495    0.000078   0.000249 
   496    0.000075   0.000239 
   497    0.000072   0.000230 
   498    0.000069   0.000222 
   499    0.000066   0.000213 
   500    0.000064   0.000204 
