Parameter info:
Lambda S: 0.0970398669097
Tau_min: 21.4812107177
Ava_angle: 77.1693137056
Height: 143.5111956 Depth: 400 Length: 1500
Frequencies logged: 18

Summary data below:
    Total Time   X  Y  S.D. Amplitude  Avg. Amplitude  Wavelength  S.D. Phase Velocity  Avg. Phase Velocity
0        10000  22  3        0.320438        0.881798    0.045455             0.043197             0.000005
1        10000  19  1        0.892094        1.782561    0.052632             0.041319             0.000584
2        10000  18  0        0.592437        1.237667    0.055556             0.038843             0.000418
3        10000  22  1        0.333935        0.847780    0.045455             0.045753             0.000592
4        10000  14  0        0.999423        1.570582    0.071429             0.033673             0.000479
5        10000  15  0        0.715467        1.249139    0.066667             0.046874             0.000099
6        10000  17  2        0.499388        1.004552    0.058824             0.042333             0.000157
7        10000  15  3        0.363373        0.781572    0.066667             0.033583             0.000146
8        10000  16  0        0.536050        0.895354    0.062500             0.034535             0.000121
9        10000  21  0        0.459837        0.834057    0.047619             0.045940             0.000489
10       10000  17  0        0.568924        0.847316    0.058824             0.037044             0.000074
11       10000  15  2        0.368120        0.753858    0.066667             0.057626             0.000589
12       10000  15  1        0.480741        0.779539    0.066667             0.034449             0.000329
13       10000  17  1        0.352591        0.750954    0.058824             0.040045             0.000285
14       10000  20  2        0.307155        0.635716    0.050000             0.037847             0.000019
15       10000  12  0        0.461247        0.669262    0.083333             0.025157             0.000262
16       10000  19  2        0.300832        0.695956    0.052632             0.035993             0.000133
17       10000  11  1        0.312800        0.556628    0.090909             0.024635             0.000088
