0.000000   0.000000
1.000000   0.000000
2.000000   0.001001
3.000000   0.002002
4.000000   0.003003
5.000000   0.004004
6.000000   0.005005
7.000000   0.006006
8.000000   0.007007
9.000000   0.008008
10.000000   0.009009
11.000000   0.010010
12.000000   0.011011
13.000000   0.012012
14.000000   0.013013
15.000000   0.014014
16.000000   0.015015
17.000000   0.016016
18.000000   0.017017
19.000000   0.018018
20.000000   0.019019
21.000000   0.020020
22.000000   0.021021
23.000000   0.022022
24.000000   0.023023
25.000000   0.024024
26.000000   0.025025
27.000000   0.026026
28.000000   0.027027
29.000000   0.028028
30.000000   0.029029
31.000000   0.030030
32.000000   0.031031
33.000000   0.032032
34.000000   0.033033
35.000000   0.034034
36.000000   0.035035
37.000000   0.036036
38.000000   0.037037
39.000000   0.038038
40.000000   0.039039
41.000000   0.040040
42.000000   0.041041
43.000000   0.042042
44.000000   0.043043
45.000000   0.044044
46.000000   0.045045
47.000000   0.046046
48.000000   0.047047
49.000000   0.048048
50.000000   0.049049
51.000000   0.050050
52.000000   0.051051
53.000000   0.052052
54.000000   0.053053
55.000000   0.054054
56.000000   0.055055
57.000000   0.056056
58.000000   0.057057
59.000000   0.058058
60.000000   0.059059
61.000000   0.060060
62.000000   0.061061
63.000000   0.062062
64.000000   0.063063
65.000000   0.064064
66.000000   0.065065
67.000000   0.066066
68.000000   0.067067
69.000000   0.068068
70.000000   0.069069
71.000000   0.070070
72.000000   0.071071
73.000000   0.072072
74.000000   0.073073
75.000000   0.074074
76.000000   0.075075
77.000000   0.076076
78.000000   0.077077
79.000000   0.078078
80.000000   0.079079
81.000000   0.080080
82.000000   0.081081
83.000000   0.082082
84.000000   0.083083
85.000000   0.084084
86.000000   0.085085
87.000000   0.086086
88.000000   0.087087
89.000000   0.088088
90.000000   0.089089
91.000000   0.090090
92.000000   0.091091
93.000000   0.092092
94.000000   0.093093
95.000000   0.094094
96.000000   0.095095
97.000000   0.096096
98.000000   0.097097
99.000000   0.098098
100.000000   0.099099
101.000000   0.100100
102.000000   0.101101
103.000000   0.102102
104.000000   0.103103
105.000000   0.104104
106.000000   0.105105
107.000000   0.106106
108.000000   0.107107
109.000000   0.108108
110.000000   0.109109
111.000000   0.110110
112.000000   0.111111
113.000000   0.112112
114.000000   0.113113
115.000000   0.114114
116.000000   0.115115
117.000000   0.116116
118.000000   0.117117
119.000000   0.118118
120.000000   0.119119
121.000000   0.120120
122.000000   0.121121
123.000000   0.122122
124.000000   0.123123
125.000000   0.124124
126.000000   0.125125
127.000000   0.126126
128.000000   0.127127
129.000000   0.128128
130.000000   0.129129
131.000000   0.130130
132.000000   0.131131
133.000000   0.132132
134.000000   0.133133
135.000000   0.134134
136.000000   0.135135
137.000000   0.136136
138.000000   0.137137
139.000000   0.138138
140.000000   0.139139
141.000000   0.140140
142.000000   0.141141
143.000000   0.142142
144.000000   0.143143
145.000000   0.144144
146.000000   0.145145
147.000000   0.146146
148.000000   0.147147
149.000000   0.148148
150.000000   0.149149
151.000000   0.150150
152.000000   0.151151
153.000000   0.152152
154.000000   0.153153
155.000000   0.154154
156.000000   0.155155
157.000000   0.156156
158.000000   0.157157
159.000000   0.158158
160.000000   0.159159
161.000000   0.160160
162.000000   0.161161
163.000000   0.162162
164.000000   0.163163
165.000000   0.164164
166.000000   0.165165
167.000000   0.166166
168.000000   0.167167
169.000000   0.168168
170.000000   0.169169
171.000000   0.170170
172.000000   0.171171
173.000000   0.172172
174.000000   0.173173
175.000000   0.174174
176.000000   0.175175
177.000000   0.176176
178.000000   0.177177
179.000000   0.178178
180.000000   0.179179
181.000000   0.180180
182.000000   0.181181
183.000000   0.182182
184.000000   0.183183
185.000000   0.184184
186.000000   0.185185
187.000000   0.186186
188.000000   0.187187
189.000000   0.188188
190.000000   0.189189
191.000000   0.190190
192.000000   0.191191
193.000000   0.192192
194.000000   0.193193
195.000000   0.194194
196.000000   0.195195
197.000000   0.196196
198.000000   0.197197
199.000000   0.198198
200.000000   0.199199
201.000000   0.200200
202.000000   0.201201
203.000000   0.202202
204.000000   0.203203
205.000000   0.204204
206.000000   0.205205
207.000000   0.206206
208.000000   0.207207
209.000000   0.208208
210.000000   0.209209
211.000000   0.210210
212.000000   0.211211
213.000000   0.212212
214.000000   0.213213
215.000000   0.214214
216.000000   0.215215
217.000000   0.216216
218.000000   0.217217
219.000000   0.218218
220.000000   0.219219
221.000000   0.220220
222.000000   0.221221
223.000000   0.222222
224.000000   0.223223
225.000000   0.224224
226.000000   0.225225
227.000000   0.226226
228.000000   0.227227
229.000000   0.228228
230.000000   0.229229
231.000000   0.230230
232.000000   0.231231
233.000000   0.232232
234.000000   0.233233
235.000000   0.234234
236.000000   0.235235
237.000000   0.236236
238.000000   0.237237
239.000000   0.238238
240.000000   0.239239
241.000000   0.240240
242.000000   0.241241
243.000000   0.242242
244.000000   0.243243
245.000000   0.244244
246.000000   0.245245
247.000000   0.246246
248.000000   0.247247
249.000000   0.248248
250.000000   0.249249
251.000000   0.250250
252.000000   0.251251
253.000000   0.252252
254.000000   0.253253
255.000000   0.254254
256.000000   0.255255
257.000000   0.256256
258.000000   0.257257
259.000000   0.258258
260.000000   0.259259
261.000000   0.260260
262.000000   0.261261
263.000000   0.262262
264.000000   0.263263
265.000000   0.264264
266.000000   0.265265
267.000000   0.266266
268.000000   0.267267
269.000000   0.268268
270.000000   0.269269
271.000000   0.270270
272.000000   0.271271
273.000000   0.272272
274.000000   0.273273
275.000000   0.274274
276.000000   0.275275
277.000000   0.276276
278.000000   0.277277
279.000000   0.278278
280.000000   0.279279
281.000000   0.280280
282.000000   0.281281
283.000000   0.282282
284.000000   0.283283
285.000000   0.284284
286.000000   0.285285
287.000000   0.286286
288.000000   0.287287
289.000000   0.288288
290.000000   0.289289
291.000000   0.290290
292.000000   0.291291
293.000000   0.292292
294.000000   0.293293
295.000000   0.294294
296.000000   0.295295
297.000000   0.296296
298.000000   0.297297
299.000000   0.298298
300.000000   0.299299
301.000000   0.300300
302.000000   0.301301
303.000000   0.302302
304.000000   0.303303
305.000000   0.304304
306.000000   0.305305
307.000000   0.306306
308.000000   0.307307
309.000000   0.308308
310.000000   0.309309
311.000000   0.310310
312.000000   0.311311
313.000000   0.312312
314.000000   0.313313
315.000000   0.314314
316.000000   0.315315
317.000000   0.316316
318.000000   0.317317
319.000000   0.318318
320.000000   0.319319
321.000000   0.320320
322.000000   0.321321
323.000000   0.322322
324.000000   0.323323
325.000000   0.324324
326.000000   0.325325
327.000000   0.326326
328.000000   0.327327
329.000000   0.328328
330.000000   0.329329
331.000000   0.330330
332.000000   0.331331
333.000000   0.332332
334.000000   0.333333
335.000000   0.334334
336.000000   0.335335
337.000000   0.336336
338.000000   0.337337
339.000000   0.338338
340.000000   0.339339
341.000000   0.340340
342.000000   0.341341
343.000000   0.342342
344.000000   0.343343
345.000000   0.344344
346.000000   0.345345
347.000000   0.346346
348.000000   0.347347
349.000000   0.348348
350.000000   0.349349
351.000000   0.350350
352.000000   0.351351
353.000000   0.352352
354.000000   0.353353
355.000000   0.354354
356.000000   0.355355
357.000000   0.356356
358.000000   0.357357
359.000000   0.358358
360.000000   0.359359
361.000000   0.360360
362.000000   0.361361
363.000000   0.362362
364.000000   0.363363
365.000000   0.364364
366.000000   0.365365
367.000000   0.366366
368.000000   0.367367
369.000000   0.368368
370.000000   0.369369
371.000000   0.370370
372.000000   0.371371
373.000000   0.372372
374.000000   0.373373
375.000000   0.374374
376.000000   0.375375
377.000000   0.376376
378.000000   0.377377
379.000000   0.378378
380.000000   0.379379
381.000000   0.380380
382.000000   0.381381
383.000000   0.382382
384.000000   0.383383
385.000000   0.384384
386.000000   0.385385
387.000000   0.386386
388.000000   0.387387
389.000000   0.388388
390.000000   0.389389
391.000000   0.390390
392.000000   0.391391
393.000000   0.392392
394.000000   0.393393
395.000000   0.394394
396.000000   0.395395
397.000000   0.396396
398.000000   0.397397
399.000000   0.398398
400.000000   0.399399
401.000000   0.400400
402.000000   0.401401
403.000000   0.402402
404.000000   0.403403
405.000000   0.404404
406.000000   0.405405
407.000000   0.406406
408.000000   0.407407
409.000000   0.408408
410.000000   0.409409
411.000000   0.410410
412.000000   0.411411
413.000000   0.412412
414.000000   0.413413
415.000000   0.414414
416.000000   0.415415
417.000000   0.416416
418.000000   0.417417
419.000000   0.418418
420.000000   0.419419
421.000000   0.420420
422.000000   0.421421
423.000000   0.422422
424.000000   0.423423
425.000000   0.424424
426.000000   0.425425
427.000000   0.426426
428.000000   0.427427
429.000000   0.428428
430.000000   0.429429
431.000000   0.430430
432.000000   0.431431
433.000000   0.432432
434.000000   0.433433
435.000000   0.434434
436.000000   0.435435
437.000000   0.436436
438.000000   0.437437
439.000000   0.438438
440.000000   0.439439
441.000000   0.440440
442.000000   0.441441
443.000000   0.442442
444.000000   0.443443
445.000000   0.444444
446.000000   0.445445
447.000000   0.446446
448.000000   0.447447
449.000000   0.448448
450.000000   0.449449
451.000000   0.450450
452.000000   0.451451
453.000000   0.452452
454.000000   0.453453
455.000000   0.454454
456.000000   0.455455
457.000000   0.456456
458.000000   0.457457
459.000000   0.458458
460.000000   0.459459
461.000000   0.460460
462.000000   0.461461
463.000000   0.462462
464.000000   0.463463
465.000000   0.464464
466.000000   0.465465
467.000000   0.466466
468.000000   0.467467
469.000000   0.468468
470.000000   0.469469
471.000000   0.470470
472.000000   0.471471
473.000000   0.472472
474.000000   0.473473
475.000000   0.474474
476.000000   0.475475
477.000000   0.476476
478.000000   0.477477
479.000000   0.478478
480.000000   0.479479
481.000000   0.480480
482.000000   0.481481
483.000000   0.482482
484.000000   0.483483
485.000000   0.484484
486.000000   0.485485
487.000000   0.486486
488.000000   0.487487
489.000000   0.488488
490.000000   0.489489
491.000000   0.490490
492.000000   0.491491
493.000000   0.492492
494.000000   0.493493
495.000000   0.494494
496.000000   0.495495
497.000000   0.496496
498.000000   0.497497
499.000000   0.498498
500.000000   0.499499
501.000000   0.500501
502.000000   0.501502
503.000000   0.502503
504.000000   0.503504
505.000000   0.504505
506.000000   0.505506
507.000000   0.506507
508.000000   0.507508
509.000000   0.508509
510.000000   0.509510
511.000000   0.510511
512.000000   0.511512
513.000000   0.512513
514.000000   0.513514
515.000000   0.514515
516.000000   0.515516
517.000000   0.516517
518.000000   0.517518
519.000000   0.518519
520.000000   0.519520
521.000000   0.520521
522.000000   0.521522
523.000000   0.522523
524.000000   0.523524
525.000000   0.524525
526.000000   0.525526
527.000000   0.526527
528.000000   0.527528
529.000000   0.528529
530.000000   0.529530
531.000000   0.530531
532.000000   0.531532
533.000000   0.532533
534.000000   0.533534
535.000000   0.534535
536.000000   0.535536
537.000000   0.536537
538.000000   0.537538
539.000000   0.538539
540.000000   0.539540
541.000000   0.540541
542.000000   0.541542
543.000000   0.542543
544.000000   0.543544
545.000000   0.544545
546.000000   0.545546
547.000000   0.546547
548.000000   0.547548
549.000000   0.548549
550.000000   0.549550
551.000000   0.550551
552.000000   0.551552
553.000000   0.552553
554.000000   0.553554
555.000000   0.554555
556.000000   0.555556
557.000000   0.556557
558.000000   0.557558
559.000000   0.558559
560.000000   0.559560
561.000000   0.560561
562.000000   0.561562
563.000000   0.562563
564.000000   0.563564
565.000000   0.564565
566.000000   0.565566
567.000000   0.566567
568.000000   0.567568
569.000000   0.568569
570.000000   0.569570
571.000000   0.570571
572.000000   0.571572
573.000000   0.572573
574.000000   0.573574
575.000000   0.574575
576.000000   0.575576
577.000000   0.576577
578.000000   0.577578
579.000000   0.578579
580.000000   0.579580
581.000000   0.580581
582.000000   0.581582
583.000000   0.582583
584.000000   0.583584
585.000000   0.584585
586.000000   0.585586
587.000000   0.586587
588.000000   0.587588
589.000000   0.588589
590.000000   0.589590
591.000000   0.590591
592.000000   0.591592
593.000000   0.592593
594.000000   0.593594
595.000000   0.594595
596.000000   0.595596
597.000000   0.596597
598.000000   0.597598
599.000000   0.598599
600.000000   0.599600
601.000000   0.600601
602.000000   0.601602
603.000000   0.602603
604.000000   0.603604
605.000000   0.604605
606.000000   0.605606
607.000000   0.606607
608.000000   0.607608
609.000000   0.608609
610.000000   0.609610
611.000000   0.610611
612.000000   0.611612
613.000000   0.612613
614.000000   0.613614
615.000000   0.614615
616.000000   0.615616
617.000000   0.616617
618.000000   0.617618
619.000000   0.618619
620.000000   0.619620
621.000000   0.620621
622.000000   0.621622
623.000000   0.622623
624.000000   0.623624
625.000000   0.624625
626.000000   0.625626
627.000000   0.626627
628.000000   0.627628
629.000000   0.628629
630.000000   0.629630
631.000000   0.630631
632.000000   0.631632
633.000000   0.632633
634.000000   0.633634
635.000000   0.634635
636.000000   0.635636
637.000000   0.636637
638.000000   0.637638
639.000000   0.638639
640.000000   0.639640
641.000000   0.640641
642.000000   0.641642
643.000000   0.642643
644.000000   0.643644
645.000000   0.644645
646.000000   0.645646
647.000000   0.646647
648.000000   0.647648
649.000000   0.648649
650.000000   0.649650
651.000000   0.650651
652.000000   0.651652
653.000000   0.652653
654.000000   0.653654
655.000000   0.654655
656.000000   0.655656
657.000000   0.656657
658.000000   0.657658
659.000000   0.658659
660.000000   0.659660
661.000000   0.660661
662.000000   0.661662
663.000000   0.662663
664.000000   0.663664
665.000000   0.664665
666.000000   0.665666
667.000000   0.666667
668.000000   0.667668
669.000000   0.668669
670.000000   0.669670
671.000000   0.670671
672.000000   0.671672
673.000000   0.672673
674.000000   0.673674
675.000000   0.674675
676.000000   0.675676
677.000000   0.676677
678.000000   0.677678
679.000000   0.678679
680.000000   0.679680
681.000000   0.680681
682.000000   0.681682
683.000000   0.682683
684.000000   0.683684
685.000000   0.684685
686.000000   0.685686
687.000000   0.686687
688.000000   0.687688
689.000000   0.688689
690.000000   0.689690
691.000000   0.690691
692.000000   0.691692
693.000000   0.692693
694.000000   0.693694
695.000000   0.694695
696.000000   0.695696
697.000000   0.696697
698.000000   0.697698
699.000000   0.698699
700.000000   0.699700
701.000000   0.700701
702.000000   0.701702
703.000000   0.702703
704.000000   0.703704
705.000000   0.704705
706.000000   0.705706
707.000000   0.706707
708.000000   0.707708
709.000000   0.708709
710.000000   0.709710
711.000000   0.710711
712.000000   0.711712
713.000000   0.712713
714.000000   0.713714
715.000000   0.714715
716.000000   0.715716
717.000000   0.716717
718.000000   0.717718
719.000000   0.718719
720.000000   0.719720
721.000000   0.720721
722.000000   0.721722
723.000000   0.722723
724.000000   0.723724
725.000000   0.724725
726.000000   0.725726
727.000000   0.726727
728.000000   0.727728
729.000000   0.728729
730.000000   0.729730
731.000000   0.730731
732.000000   0.731732
733.000000   0.732733
734.000000   0.733734
735.000000   0.734735
736.000000   0.735736
737.000000   0.736737
738.000000   0.737738
739.000000   0.738739
740.000000   0.739740
741.000000   0.740741
742.000000   0.741742
743.000000   0.742743
744.000000   0.743744
745.000000   0.744745
746.000000   0.745746
747.000000   0.746747
748.000000   0.747748
749.000000   0.748749
750.000000   0.749750
751.000000   0.750751
752.000000   0.751752
753.000000   0.752753
754.000000   0.753754
755.000000   0.754755
756.000000   0.755756
757.000000   0.756757
758.000000   0.757758
759.000000   0.758759
760.000000   0.759760
761.000000   0.760761
762.000000   0.761762
763.000000   0.762763
764.000000   0.763764
765.000000   0.764765
766.000000   0.765766
767.000000   0.766767
768.000000   0.767768
769.000000   0.768769
770.000000   0.769770
771.000000   0.770771
772.000000   0.771772
773.000000   0.772773
774.000000   0.773774
775.000000   0.774775
776.000000   0.775776
777.000000   0.776777
778.000000   0.777778
779.000000   0.778779
780.000000   0.779780
781.000000   0.780781
782.000000   0.781782
783.000000   0.782783
784.000000   0.783784
785.000000   0.784785
786.000000   0.785786
787.000000   0.786787
788.000000   0.787788
789.000000   0.788789
790.000000   0.789790
791.000000   0.790791
792.000000   0.791792
793.000000   0.792793
794.000000   0.793794
795.000000   0.794795
796.000000   0.795796
797.000000   0.796797
798.000000   0.797798
799.000000   0.798799
800.000000   0.799800
801.000000   0.800801
802.000000   0.801802
803.000000   0.802803
804.000000   0.803804
805.000000   0.804805
806.000000   0.805806
807.000000   0.806807
808.000000   0.807808
809.000000   0.808809
810.000000   0.809810
811.000000   0.810811
812.000000   0.811812
813.000000   0.812813
814.000000   0.813814
815.000000   0.814815
816.000000   0.815816
817.000000   0.816817
818.000000   0.817818
819.000000   0.818819
820.000000   0.819820
821.000000   0.820821
822.000000   0.821822
823.000000   0.822823
824.000000   0.823824
825.000000   0.824825
826.000000   0.825826
827.000000   0.826827
828.000000   0.827828
829.000000   0.828829
830.000000   0.829830
831.000000   0.830831
832.000000   0.831832
833.000000   0.832833
834.000000   0.833834
835.000000   0.834835
836.000000   0.835836
837.000000   0.836837
838.000000   0.837838
839.000000   0.838839
840.000000   0.839840
841.000000   0.840841
842.000000   0.841842
843.000000   0.842843
844.000000   0.843844
845.000000   0.844845
846.000000   0.845846
847.000000   0.846847
848.000000   0.847848
849.000000   0.848849
850.000000   0.849850
851.000000   0.850851
852.000000   0.851852
853.000000   0.852853
854.000000   0.853854
855.000000   0.854855
856.000000   0.855856
857.000000   0.856857
858.000000   0.857858
859.000000   0.858859
860.000000   0.859860
861.000000   0.860861
862.000000   0.861862
863.000000   0.862863
864.000000   0.863864
865.000000   0.864865
866.000000   0.865866
867.000000   0.866867
868.000000   0.867868
869.000000   0.868869
870.000000   0.869870
871.000000   0.870871
872.000000   0.871872
873.000000   0.872873
874.000000   0.873874
875.000000   0.874875
876.000000   0.875876
877.000000   0.876877
878.000000   0.877878
879.000000   0.878879
880.000000   0.879880
881.000000   0.880881
882.000000   0.881882
883.000000   0.882883
884.000000   0.883884
885.000000   0.884885
886.000000   0.885886
887.000000   0.886887
888.000000   0.887888
889.000000   0.888889
890.000000   0.889890
891.000000   0.890891
892.000000   0.891892
893.000000   0.892893
894.000000   0.893894
895.000000   0.894895
896.000000   0.895896
897.000000   0.896897
898.000000   0.897898
899.000000   0.898899
900.000000   0.899900
901.000000   0.900901
902.000000   0.901902
903.000000   0.902903
904.000000   0.903904
905.000000   0.904905
906.000000   0.905906
907.000000   0.906907
908.000000   0.907908
909.000000   0.908909
910.000000   0.909910
911.000000   0.910911
912.000000   0.911912
913.000000   0.912913
914.000000   0.913914
915.000000   0.914915
916.000000   0.915916
917.000000   0.916917
918.000000   0.917918
919.000000   0.918919
920.000000   0.919920
921.000000   0.920921
922.000000   0.921922
923.000000   0.922923
924.000000   0.923924
925.000000   0.924925
926.000000   0.925926
927.000000   0.926927
928.000000   0.927928
929.000000   0.928929
930.000000   0.929930
931.000000   0.930931
932.000000   0.931932
933.000000   0.932933
934.000000   0.933934
935.000000   0.934935
936.000000   0.935936
937.000000   0.936937
938.000000   0.937938
939.000000   0.938939
940.000000   0.939940
941.000000   0.940941
942.000000   0.941942
943.000000   0.942943
944.000000   0.943944
945.000000   0.944945
946.000000   0.945946
947.000000   0.946947
948.000000   0.947948
949.000000   0.948949
950.000000   0.949950
951.000000   0.950951
952.000000   0.951952
953.000000   0.952953
954.000000   0.953954
955.000000   0.954955
956.000000   0.955956
957.000000   0.956957
958.000000   0.957958
959.000000   0.958959
960.000000   0.959960
961.000000   0.960961
962.000000   0.961962
963.000000   0.962963
964.000000   0.963964
965.000000   0.964965
966.000000   0.965966
967.000000   0.966967
968.000000   0.967968
969.000000   0.968969
970.000000   0.969970
971.000000   0.970971
972.000000   0.971972
973.000000   0.972973
974.000000   0.973974
975.000000   0.974975
976.000000   0.975976
977.000000   0.976977
978.000000   0.977978
979.000000   0.978979
980.000000   0.979980
981.000000   0.980981
982.000000   0.981982
983.000000   0.982983
984.000000   0.983984
985.000000   0.984985
986.000000   0.985986
987.000000   0.986987
988.000000   0.987988
989.000000   0.988989
990.000000   0.989990
991.000000   0.990991
992.000000   0.991992
993.000000   0.992993
994.000000   0.993994
995.000000   0.994995
996.000000   0.995996
997.000000   0.996997
998.000000   0.997998
999.000000   0.998999
1000.000000   1.000000
1001.000000   1.000000
1002.000000   1.000000
1003.000000   1.000000
1004.000000   1.000000
1005.000000   1.000000
1006.000000   1.000000
1007.000000   1.000000
1008.000000   1.000000
1009.000000   1.000000
1010.000000   1.000000
1011.000000   1.000000
1012.000000   1.000000
1013.000000   1.000000
1014.000000   1.000000
1015.000000   1.000000
1016.000000   1.000000
1017.000000   1.000000
1018.000000   1.000000
1019.000000   1.000000
1020.000000   1.000000
1021.000000   1.000000
1022.000000   1.000000
1023.000000   1.000000
1024.000000   1.000000
1025.000000   1.000000
1026.000000   1.000000
1027.000000   1.000000
1028.000000   1.000000
1029.000000   1.000000
1030.000000   1.000000
1031.000000   1.000000
1032.000000   1.000000
1033.000000   1.000000
1034.000000   1.000000
1035.000000   1.000000
1036.000000   1.000000
1037.000000   1.000000
1038.000000   1.000000
1039.000000   1.000000
1040.000000   1.000000
1041.000000   1.000000
1042.000000   1.000000
1043.000000   1.000000
1044.000000   1.000000
1045.000000   1.000000
1046.000000   1.000000
1047.000000   1.000000
1048.000000   1.000000
1049.000000   1.000000
1050.000000   1.000000
1051.000000   1.000000
1052.000000   1.000000
1053.000000   1.000000
1054.000000   1.000000
1055.000000   1.000000
1056.000000   1.000000
1057.000000   1.000000
1058.000000   1.000000
1059.000000   1.000000
1060.000000   1.000000
1061.000000   1.000000
1062.000000   1.000000
1063.000000   1.000000
1064.000000   1.000000
1065.000000   1.000000
1066.000000   1.000000
1067.000000   1.000000
1068.000000   1.000000
1069.000000   1.000000
1070.000000   1.000000
1071.000000   1.000000
1072.000000   1.000000
1073.000000   1.000000
1074.000000   1.000000
1075.000000   1.000000
1076.000000   1.000000
1077.000000   1.000000
1078.000000   1.000000
1079.000000   1.000000
1080.000000   1.000000
1081.000000   1.000000
1082.000000   1.000000
1083.000000   1.000000
1084.000000   1.000000
1085.000000   1.000000
1086.000000   1.000000
1087.000000   1.000000
1088.000000   1.000000
1089.000000   1.000000
1090.000000   1.000000
1091.000000   1.000000
1092.000000   1.000000
1093.000000   1.000000
1094.000000   1.000000
1095.000000   1.000000
1096.000000   1.000000
1097.000000   1.000000
1098.000000   1.000000
1099.000000   1.000000
1100.000000   1.000000
1101.000000   1.000000
1102.000000   1.000000
1103.000000   1.000000
1104.000000   1.000000
1105.000000   1.000000
1106.000000   1.000000
1107.000000   1.000000
1108.000000   1.000000
1109.000000   1.000000
1110.000000   1.000000
1111.000000   1.000000
1112.000000   1.000000
1113.000000   1.000000
1114.000000   1.000000
1115.000000   1.000000
1116.000000   1.000000
1117.000000   1.000000
1118.000000   1.000000
1119.000000   1.000000
1120.000000   1.000000
1121.000000   1.000000
1122.000000   1.000000
1123.000000   1.000000
1124.000000   1.000000
1125.000000   1.000000
1126.000000   1.000000
1127.000000   1.000000
1128.000000   1.000000
1129.000000   1.000000
1130.000000   1.000000
1131.000000   1.000000
1132.000000   1.000000
1133.000000   1.000000
1134.000000   1.000000
1135.000000   1.000000
1136.000000   1.000000
1137.000000   1.000000
1138.000000   1.000000
1139.000000   1.000000
1140.000000   1.000000
1141.000000   1.000000
1142.000000   1.000000
1143.000000   1.000000
1144.000000   1.000000
1145.000000   1.000000
1146.000000   1.000000
1147.000000   1.000000
1148.000000   1.000000
1149.000000   1.000000
1150.000000   1.000000
1151.000000   1.000000
1152.000000   1.000000
1153.000000   1.000000
1154.000000   1.000000
1155.000000   1.000000
1156.000000   1.000000
1157.000000   1.000000
1158.000000   1.000000
1159.000000   1.000000
1160.000000   1.000000
1161.000000   1.000000
1162.000000   1.000000
1163.000000   1.000000
1164.000000   1.000000
1165.000000   1.000000
1166.000000   1.000000
1167.000000   1.000000
1168.000000   1.000000
1169.000000   1.000000
1170.000000   1.000000
1171.000000   1.000000
1172.000000   1.000000
1173.000000   1.000000
1174.000000   1.000000
1175.000000   1.000000
1176.000000   1.000000
1177.000000   1.000000
1178.000000   1.000000
1179.000000   1.000000
1180.000000   1.000000
1181.000000   1.000000
1182.000000   1.000000
1183.000000   1.000000
1184.000000   1.000000
1185.000000   1.000000
1186.000000   1.000000
1187.000000   1.000000
1188.000000   1.000000
1189.000000   1.000000
1190.000000   1.000000
1191.000000   1.000000
1192.000000   1.000000
1193.000000   1.000000
1194.000000   1.000000
1195.000000   1.000000
1196.000000   1.000000
1197.000000   1.000000
1198.000000   1.000000
1199.000000   1.000000
1200.000000   1.000000
1201.000000   1.000000
1202.000000   1.000000
1203.000000   1.000000
1204.000000   1.000000
1205.000000   1.000000
1206.000000   1.000000
1207.000000   1.000000
1208.000000   1.000000
1209.000000   1.000000
1210.000000   1.000000
1211.000000   1.000000
1212.000000   1.000000
1213.000000   1.000000
1214.000000   1.000000
1215.000000   1.000000
1216.000000   1.000000
1217.000000   1.000000
1218.000000   1.000000
1219.000000   1.000000
1220.000000   1.000000
1221.000000   1.000000
1222.000000   1.000000
1223.000000   1.000000
1224.000000   1.000000
1225.000000   1.000000
1226.000000   1.000000
1227.000000   1.000000
1228.000000   1.000000
1229.000000   1.000000
1230.000000   1.000000
1231.000000   1.000000
1232.000000   1.000000
1233.000000   1.000000
1234.000000   1.000000
1235.000000   1.000000
1236.000000   1.000000
1237.000000   1.000000
1238.000000   1.000000
1239.000000   1.000000
1240.000000   1.000000
1241.000000   1.000000
1242.000000   1.000000
1243.000000   1.000000
1244.000000   1.000000
1245.000000   1.000000
1246.000000   1.000000
1247.000000   1.000000
1248.000000   1.000000
1249.000000   1.000000
1250.000000   1.000000
1251.000000   1.000000
1252.000000   1.000000
1253.000000   1.000000
1254.000000   1.000000
1255.000000   1.000000
1256.000000   1.000000
1257.000000   1.000000
1258.000000   1.000000
1259.000000   1.000000
1260.000000   1.000000
1261.000000   1.000000
1262.000000   1.000000
1263.000000   1.000000
1264.000000   1.000000
1265.000000   1.000000
1266.000000   1.000000
1267.000000   1.000000
1268.000000   1.000000
1269.000000   1.000000
1270.000000   1.000000
1271.000000   1.000000
1272.000000   1.000000
1273.000000   1.000000
1274.000000   1.000000
1275.000000   1.000000
1276.000000   1.000000
1277.000000   1.000000
1278.000000   1.000000
1279.000000   1.000000
1280.000000   1.000000
1281.000000   1.000000
1282.000000   1.000000
1283.000000   1.000000
1284.000000   1.000000
1285.000000   1.000000
1286.000000   1.000000
1287.000000   1.000000
1288.000000   1.000000
1289.000000   1.000000
1290.000000   1.000000
1291.000000   1.000000
1292.000000   1.000000
1293.000000   1.000000
1294.000000   1.000000
1295.000000   1.000000
1296.000000   1.000000
1297.000000   1.000000
1298.000000   1.000000
1299.000000   1.000000
1300.000000   1.000000
1301.000000   1.000000
1302.000000   1.000000
1303.000000   1.000000
1304.000000   1.000000
1305.000000   1.000000
1306.000000   1.000000
1307.000000   1.000000
1308.000000   1.000000
1309.000000   1.000000
1310.000000   1.000000
1311.000000   1.000000
1312.000000   1.000000
1313.000000   1.000000
1314.000000   1.000000
1315.000000   1.000000
1316.000000   1.000000
1317.000000   1.000000
1318.000000   1.000000
1319.000000   1.000000
1320.000000   1.000000
1321.000000   1.000000
1322.000000   1.000000
1323.000000   1.000000
1324.000000   1.000000
1325.000000   1.000000
1326.000000   1.000000
1327.000000   1.000000
1328.000000   1.000000
1329.000000   1.000000
1330.000000   1.000000
1331.000000   1.000000
1332.000000   1.000000
1333.000000   1.000000
1334.000000   1.000000
1335.000000   1.000000
1336.000000   1.000000
1337.000000   1.000000
1338.000000   1.000000
1339.000000   1.000000
1340.000000   1.000000
1341.000000   1.000000
1342.000000   1.000000
1343.000000   1.000000
1344.000000   1.000000
1345.000000   1.000000
1346.000000   1.000000
1347.000000   1.000000
1348.000000   1.000000
1349.000000   1.000000
1350.000000   1.000000
1351.000000   1.000000
1352.000000   1.000000
1353.000000   1.000000
1354.000000   1.000000
1355.000000   1.000000
1356.000000   1.000000
1357.000000   1.000000
1358.000000   1.000000
1359.000000   1.000000
1360.000000   1.000000
1361.000000   1.000000
1362.000000   1.000000
1363.000000   1.000000
1364.000000   1.000000
1365.000000   1.000000
1366.000000   1.000000
1367.000000   1.000000
1368.000000   1.000000
1369.000000   1.000000
1370.000000   1.000000
1371.000000   1.000000
1372.000000   1.000000
1373.000000   1.000000
1374.000000   1.000000
1375.000000   1.000000
1376.000000   1.000000
1377.000000   1.000000
1378.000000   1.000000
1379.000000   1.000000
1380.000000   1.000000
1381.000000   1.000000
1382.000000   1.000000
1383.000000   1.000000
1384.000000   1.000000
1385.000000   1.000000
1386.000000   1.000000
1387.000000   1.000000
1388.000000   1.000000
1389.000000   1.000000
1390.000000   1.000000
1391.000000   1.000000
1392.000000   1.000000
1393.000000   1.000000
1394.000000   1.000000
1395.000000   1.000000
1396.000000   1.000000
1397.000000   1.000000
1398.000000   1.000000
1399.000000   1.000000
1400.000000   1.000000
1401.000000   1.000000
1402.000000   1.000000
1403.000000   1.000000
1404.000000   1.000000
1405.000000   1.000000
1406.000000   1.000000
1407.000000   1.000000
1408.000000   1.000000
1409.000000   1.000000
1410.000000   1.000000
1411.000000   1.000000
1412.000000   1.000000
1413.000000   1.000000
1414.000000   1.000000
1415.000000   1.000000
1416.000000   1.000000
1417.000000   1.000000
1418.000000   1.000000
1419.000000   1.000000
1420.000000   1.000000
1421.000000   1.000000
1422.000000   1.000000
1423.000000   1.000000
1424.000000   1.000000
1425.000000   1.000000
1426.000000   1.000000
1427.000000   1.000000
1428.000000   1.000000
1429.000000   1.000000
1430.000000   1.000000
1431.000000   1.000000
1432.000000   1.000000
1433.000000   1.000000
1434.000000   1.000000
1435.000000   1.000000
1436.000000   1.000000
1437.000000   1.000000
1438.000000   1.000000
1439.000000   1.000000
1440.000000   1.000000
1441.000000   1.000000
1442.000000   1.000000
1443.000000   1.000000
1444.000000   1.000000
1445.000000   1.000000
1446.000000   1.000000
1447.000000   1.000000
1448.000000   1.000000
1449.000000   1.000000
1450.000000   1.000000
1451.000000   1.000000
1452.000000   1.000000
1453.000000   1.000000
1454.000000   1.000000
1455.000000   1.000000
1456.000000   1.000000
1457.000000   1.000000
1458.000000   1.000000
1459.000000   1.000000
1460.000000   1.000000
1461.000000   1.000000
1462.000000   1.000000
1463.000000   1.000000
1464.000000   1.000000
1465.000000   1.000000
1466.000000   1.000000
1467.000000   1.000000
1468.000000   1.000000
1469.000000   1.000000
1470.000000   1.000000
1471.000000   1.000000
1472.000000   1.000000
1473.000000   1.000000
1474.000000   1.000000
1475.000000   1.000000
1476.000000   1.000000
1477.000000   1.000000
1478.000000   1.000000
1479.000000   1.000000
1480.000000   1.000000
1481.000000   1.000000
1482.000000   1.000000
1483.000000   1.000000
1484.000000   1.000000
1485.000000   1.000000
1486.000000   1.000000
1487.000000   1.000000
1488.000000   1.000000
1489.000000   1.000000
1490.000000   1.000000
1491.000000   1.000000
1492.000000   1.000000
1493.000000   1.000000
1494.000000   1.000000
1495.000000   1.000000
1496.000000   1.000000
1497.000000   1.000000
1498.000000   1.000000
1499.000000   1.000000
1500.000000   1.000000
1501.000000   1.000000
1502.000000   1.000000
1503.000000   1.000000
1504.000000   1.000000
1505.000000   1.000000
1506.000000   1.000000
1507.000000   1.000000
1508.000000   1.000000
1509.000000   1.000000
1510.000000   1.000000
1511.000000   1.000000
1512.000000   1.000000
1513.000000   1.000000
1514.000000   1.000000
1515.000000   1.000000
1516.000000   1.000000
1517.000000   1.000000
1518.000000   1.000000
1519.000000   1.000000
1520.000000   1.000000
1521.000000   1.000000
1522.000000   1.000000
1523.000000   1.000000
1524.000000   1.000000
1525.000000   1.000000
1526.000000   1.000000
1527.000000   1.000000
1528.000000   1.000000
1529.000000   1.000000
1530.000000   1.000000
1531.000000   1.000000
1532.000000   1.000000
1533.000000   1.000000
1534.000000   1.000000
1535.000000   1.000000
1536.000000   1.000000
1537.000000   1.000000
1538.000000   1.000000
1539.000000   1.000000
1540.000000   1.000000
1541.000000   1.000000
1542.000000   1.000000
1543.000000   1.000000
1544.000000   1.000000
1545.000000   1.000000
1546.000000   1.000000
1547.000000   1.000000
1548.000000   1.000000
1549.000000   1.000000
1550.000000   1.000000
1551.000000   1.000000
1552.000000   1.000000
1553.000000   1.000000
1554.000000   1.000000
1555.000000   1.000000
1556.000000   1.000000
1557.000000   1.000000
1558.000000   1.000000
1559.000000   1.000000
1560.000000   1.000000
1561.000000   1.000000
1562.000000   1.000000
1563.000000   1.000000
1564.000000   1.000000
1565.000000   1.000000
1566.000000   1.000000
1567.000000   1.000000
1568.000000   1.000000
1569.000000   1.000000
1570.000000   1.000000
1571.000000   1.000000
1572.000000   1.000000
1573.000000   1.000000
1574.000000   1.000000
1575.000000   1.000000
1576.000000   1.000000
1577.000000   1.000000
1578.000000   1.000000
1579.000000   1.000000
1580.000000   1.000000
1581.000000   1.000000
1582.000000   1.000000
1583.000000   1.000000
1584.000000   1.000000
1585.000000   1.000000
1586.000000   1.000000
1587.000000   1.000000
1588.000000   1.000000
1589.000000   1.000000
1590.000000   1.000000
1591.000000   1.000000
1592.000000   1.000000
1593.000000   1.000000
1594.000000   1.000000
1595.000000   1.000000
1596.000000   1.000000
1597.000000   1.000000
1598.000000   1.000000
1599.000000   1.000000
1600.000000   1.000000
1601.000000   1.000000
1602.000000   1.000000
1603.000000   1.000000
1604.000000   1.000000
1605.000000   1.000000
1606.000000   1.000000
1607.000000   1.000000
1608.000000   1.000000
1609.000000   1.000000
1610.000000   1.000000
1611.000000   1.000000
1612.000000   1.000000
1613.000000   1.000000
1614.000000   1.000000
1615.000000   1.000000
1616.000000   1.000000
1617.000000   1.000000
1618.000000   1.000000
1619.000000   1.000000
1620.000000   1.000000
1621.000000   1.000000
1622.000000   1.000000
1623.000000   1.000000
1624.000000   1.000000
1625.000000   1.000000
1626.000000   1.000000
1627.000000   1.000000
1628.000000   1.000000
1629.000000   1.000000
1630.000000   1.000000
1631.000000   1.000000
1632.000000   1.000000
1633.000000   1.000000
1634.000000   1.000000
1635.000000   1.000000
1636.000000   1.000000
1637.000000   1.000000
1638.000000   1.000000
1639.000000   1.000000
1640.000000   1.000000
1641.000000   1.000000
1642.000000   1.000000
1643.000000   1.000000
1644.000000   1.000000
1645.000000   1.000000
1646.000000   1.000000
1647.000000   1.000000
1648.000000   1.000000
1649.000000   1.000000
1650.000000   1.000000
1651.000000   1.000000
1652.000000   1.000000
1653.000000   1.000000
1654.000000   1.000000
1655.000000   1.000000
1656.000000   1.000000
1657.000000   1.000000
1658.000000   1.000000
1659.000000   1.000000
1660.000000   1.000000
1661.000000   1.000000
1662.000000   1.000000
1663.000000   1.000000
1664.000000   1.000000
1665.000000   1.000000
1666.000000   1.000000
1667.000000   1.000000
1668.000000   1.000000
1669.000000   1.000000
1670.000000   1.000000
1671.000000   1.000000
1672.000000   1.000000
1673.000000   1.000000
1674.000000   1.000000
1675.000000   1.000000
1676.000000   1.000000
1677.000000   1.000000
1678.000000   1.000000
1679.000000   1.000000
1680.000000   1.000000
1681.000000   1.000000
1682.000000   1.000000
1683.000000   1.000000
1684.000000   1.000000
1685.000000   1.000000
1686.000000   1.000000
1687.000000   1.000000
1688.000000   1.000000
1689.000000   1.000000
1690.000000   1.000000
1691.000000   1.000000
1692.000000   1.000000
1693.000000   1.000000
1694.000000   1.000000
1695.000000   1.000000
1696.000000   1.000000
1697.000000   1.000000
1698.000000   1.000000
1699.000000   1.000000
1700.000000   1.000000
1701.000000   1.000000
1702.000000   1.000000
1703.000000   1.000000
1704.000000   1.000000
1705.000000   1.000000
1706.000000   1.000000
1707.000000   1.000000
1708.000000   1.000000
1709.000000   1.000000
1710.000000   1.000000
1711.000000   1.000000
1712.000000   1.000000
1713.000000   1.000000
1714.000000   1.000000
1715.000000   1.000000
1716.000000   1.000000
1717.000000   1.000000
1718.000000   1.000000
1719.000000   1.000000
1720.000000   1.000000
1721.000000   1.000000
1722.000000   1.000000
1723.000000   1.000000
1724.000000   1.000000
1725.000000   1.000000
1726.000000   1.000000
1727.000000   1.000000
1728.000000   1.000000
1729.000000   1.000000
1730.000000   1.000000
1731.000000   1.000000
1732.000000   1.000000
1733.000000   1.000000
1734.000000   1.000000
1735.000000   1.000000
1736.000000   1.000000
1737.000000   1.000000
1738.000000   1.000000
1739.000000   1.000000
1740.000000   1.000000
1741.000000   1.000000
1742.000000   1.000000
1743.000000   1.000000
1744.000000   1.000000
1745.000000   1.000000
1746.000000   1.000000
1747.000000   1.000000
1748.000000   1.000000
1749.000000   1.000000
1750.000000   1.000000
1751.000000   1.000000
1752.000000   1.000000
1753.000000   1.000000
1754.000000   1.000000
1755.000000   1.000000
1756.000000   1.000000
1757.000000   1.000000
1758.000000   1.000000
1759.000000   1.000000
1760.000000   1.000000
1761.000000   1.000000
1762.000000   1.000000
1763.000000   1.000000
1764.000000   1.000000
1765.000000   1.000000
1766.000000   1.000000
1767.000000   1.000000
1768.000000   1.000000
1769.000000   1.000000
1770.000000   1.000000
1771.000000   1.000000
1772.000000   1.000000
1773.000000   1.000000
1774.000000   1.000000
1775.000000   1.000000
1776.000000   1.000000
1777.000000   1.000000
1778.000000   1.000000
1779.000000   1.000000
1780.000000   1.000000
1781.000000   1.000000
1782.000000   1.000000
1783.000000   1.000000
1784.000000   1.000000
1785.000000   1.000000
1786.000000   1.000000
1787.000000   1.000000
1788.000000   1.000000
1789.000000   1.000000
1790.000000   1.000000
1791.000000   1.000000
1792.000000   1.000000
1793.000000   1.000000
1794.000000   1.000000
1795.000000   1.000000
1796.000000   1.000000
1797.000000   1.000000
1798.000000   1.000000
1799.000000   1.000000
1800.000000   1.000000
1801.000000   1.000000
1802.000000   1.000000
1803.000000   1.000000
1804.000000   1.000000
1805.000000   1.000000
1806.000000   1.000000
1807.000000   1.000000
1808.000000   1.000000
1809.000000   1.000000
1810.000000   1.000000
1811.000000   1.000000
1812.000000   1.000000
1813.000000   1.000000
1814.000000   1.000000
1815.000000   1.000000
1816.000000   1.000000
1817.000000   1.000000
1818.000000   1.000000
1819.000000   1.000000
1820.000000   1.000000
1821.000000   1.000000
1822.000000   1.000000
1823.000000   1.000000
1824.000000   1.000000
1825.000000   1.000000
1826.000000   1.000000
1827.000000   1.000000
1828.000000   1.000000
1829.000000   1.000000
1830.000000   1.000000
1831.000000   1.000000
1832.000000   1.000000
1833.000000   1.000000
1834.000000   1.000000
1835.000000   1.000000
1836.000000   1.000000
1837.000000   1.000000
1838.000000   1.000000
1839.000000   1.000000
1840.000000   1.000000
1841.000000   1.000000
1842.000000   1.000000
1843.000000   1.000000
1844.000000   1.000000
1845.000000   1.000000
1846.000000   1.000000
1847.000000   1.000000
1848.000000   1.000000
1849.000000   1.000000
1850.000000   1.000000
1851.000000   1.000000
1852.000000   1.000000
1853.000000   1.000000
1854.000000   1.000000
1855.000000   1.000000
1856.000000   1.000000
1857.000000   1.000000
1858.000000   1.000000
1859.000000   1.000000
1860.000000   1.000000
1861.000000   1.000000
1862.000000   1.000000
1863.000000   1.000000
1864.000000   1.000000
1865.000000   1.000000
1866.000000   1.000000
1867.000000   1.000000
1868.000000   1.000000
1869.000000   1.000000
1870.000000   1.000000
1871.000000   1.000000
1872.000000   1.000000
1873.000000   1.000000
1874.000000   1.000000
1875.000000   1.000000
1876.000000   1.000000
1877.000000   1.000000
1878.000000   1.000000
1879.000000   1.000000
1880.000000   1.000000
1881.000000   1.000000
1882.000000   1.000000
1883.000000   1.000000
1884.000000   1.000000
1885.000000   1.000000
1886.000000   1.000000
1887.000000   1.000000
1888.000000   1.000000
1889.000000   1.000000
1890.000000   1.000000
1891.000000   1.000000
1892.000000   1.000000
1893.000000   1.000000
1894.000000   1.000000
1895.000000   1.000000
1896.000000   1.000000
1897.000000   1.000000
1898.000000   1.000000
1899.000000   1.000000
1900.000000   1.000000
1901.000000   1.000000
1902.000000   1.000000
1903.000000   1.000000
1904.000000   1.000000
1905.000000   1.000000
1906.000000   1.000000
1907.000000   1.000000
1908.000000   1.000000
1909.000000   1.000000
1910.000000   1.000000
1911.000000   1.000000
1912.000000   1.000000
1913.000000   1.000000
1914.000000   1.000000
1915.000000   1.000000
1916.000000   1.000000
1917.000000   1.000000
1918.000000   1.000000
1919.000000   1.000000
1920.000000   1.000000
1921.000000   1.000000
1922.000000   1.000000
1923.000000   1.000000
1924.000000   1.000000
1925.000000   1.000000
1926.000000   1.000000
1927.000000   1.000000
1928.000000   1.000000
1929.000000   1.000000
1930.000000   1.000000
1931.000000   1.000000
1932.000000   1.000000
1933.000000   1.000000
1934.000000   1.000000
1935.000000   1.000000
1936.000000   1.000000
1937.000000   1.000000
1938.000000   1.000000
1939.000000   1.000000
1940.000000   1.000000
1941.000000   1.000000
1942.000000   1.000000
1943.000000   1.000000
1944.000000   1.000000
1945.000000   1.000000
1946.000000   1.000000
1947.000000   1.000000
1948.000000   1.000000
1949.000000   1.000000
1950.000000   1.000000
1951.000000   1.000000
1952.000000   1.000000
1953.000000   1.000000
1954.000000   1.000000
1955.000000   1.000000
1956.000000   1.000000
1957.000000   1.000000
1958.000000   1.000000
1959.000000   1.000000
1960.000000   1.000000
1961.000000   1.000000
1962.000000   1.000000
1963.000000   1.000000
1964.000000   1.000000
1965.000000   1.000000
1966.000000   1.000000
1967.000000   1.000000
1968.000000   1.000000
1969.000000   1.000000
1970.000000   1.000000
1971.000000   1.000000
1972.000000   1.000000
1973.000000   1.000000
1974.000000   1.000000
1975.000000   1.000000
1976.000000   1.000000
1977.000000   1.000000
1978.000000   1.000000
1979.000000   1.000000
1980.000000   1.000000
1981.000000   1.000000
1982.000000   1.000000
1983.000000   1.000000
1984.000000   1.000000
1985.000000   1.000000
1986.000000   1.000000
1987.000000   1.000000
1988.000000   1.000000
1989.000000   1.000000
1990.000000   1.000000
1991.000000   1.000000
1992.000000   1.000000
1993.000000   1.000000
1994.000000   1.000000
1995.000000   1.000000
1996.000000   1.000000
1997.000000   1.000000
1998.000000   1.000000
1999.000000   1.000000
2000.000000   1.000000
2001.000000   1.000000
2002.000000   1.000000
2003.000000   1.000000
2004.000000   1.000000
2005.000000   1.000000
2006.000000   1.000000
2007.000000   1.000000
2008.000000   1.000000
2009.000000   1.000000
2010.000000   1.000000
2011.000000   1.000000
2012.000000   1.000000
2013.000000   1.000000
2014.000000   1.000000
2015.000000   1.000000
2016.000000   1.000000
2017.000000   1.000000
2018.000000   1.000000
2019.000000   1.000000
2020.000000   1.000000
2021.000000   1.000000
2022.000000   1.000000
2023.000000   1.000000
2024.000000   1.000000
2025.000000   1.000000
2026.000000   1.000000
2027.000000   1.000000
2028.000000   1.000000
2029.000000   1.000000
2030.000000   1.000000
2031.000000   1.000000
2032.000000   1.000000
2033.000000   1.000000
2034.000000   1.000000
2035.000000   1.000000
2036.000000   1.000000
2037.000000   1.000000
2038.000000   1.000000
2039.000000   1.000000
2040.000000   1.000000
2041.000000   1.000000
2042.000000   1.000000
2043.000000   1.000000
2044.000000   1.000000
2045.000000   1.000000
2046.000000   1.000000
2047.000000   1.000000
2048.000000   1.000000
2049.000000   1.000000
2050.000000   1.000000
2051.000000   1.000000
2052.000000   1.000000
2053.000000   1.000000
2054.000000   1.000000
2055.000000   1.000000
2056.000000   1.000000
2057.000000   1.000000
2058.000000   1.000000
2059.000000   1.000000
2060.000000   1.000000
2061.000000   1.000000
2062.000000   1.000000
2063.000000   1.000000
2064.000000   1.000000
2065.000000   1.000000
2066.000000   1.000000
2067.000000   1.000000
2068.000000   1.000000
2069.000000   1.000000
2070.000000   1.000000
2071.000000   1.000000
2072.000000   1.000000
2073.000000   1.000000
2074.000000   1.000000
2075.000000   1.000000
2076.000000   1.000000
2077.000000   1.000000
2078.000000   1.000000
2079.000000   1.000000
2080.000000   1.000000
2081.000000   1.000000
2082.000000   1.000000
2083.000000   1.000000
2084.000000   1.000000
2085.000000   1.000000
2086.000000   1.000000
2087.000000   1.000000
2088.000000   1.000000
2089.000000   1.000000
2090.000000   1.000000
2091.000000   1.000000
2092.000000   1.000000
2093.000000   1.000000
2094.000000   1.000000
2095.000000   1.000000
2096.000000   1.000000
2097.000000   1.000000
2098.000000   1.000000
2099.000000   1.000000
2100.000000   1.000000
2101.000000   1.000000
2102.000000   1.000000
2103.000000   1.000000
2104.000000   1.000000
2105.000000   1.000000
2106.000000   1.000000
2107.000000   1.000000
2108.000000   1.000000
2109.000000   1.000000
2110.000000   1.000000
2111.000000   1.000000
2112.000000   1.000000
2113.000000   1.000000
2114.000000   1.000000
2115.000000   1.000000
2116.000000   1.000000
2117.000000   1.000000
2118.000000   1.000000
2119.000000   1.000000
2120.000000   1.000000
2121.000000   1.000000
2122.000000   1.000000
2123.000000   1.000000
2124.000000   1.000000
2125.000000   1.000000
2126.000000   1.000000
2127.000000   1.000000
2128.000000   1.000000
2129.000000   1.000000
2130.000000   1.000000
2131.000000   1.000000
2132.000000   1.000000
2133.000000   1.000000
2134.000000   1.000000
2135.000000   1.000000
2136.000000   1.000000
2137.000000   1.000000
2138.000000   1.000000
2139.000000   1.000000
2140.000000   1.000000
2141.000000   1.000000
2142.000000   1.000000
2143.000000   1.000000
2144.000000   1.000000
2145.000000   1.000000
2146.000000   1.000000
2147.000000   1.000000
2148.000000   1.000000
2149.000000   1.000000
2150.000000   1.000000
2151.000000   1.000000
2152.000000   1.000000
2153.000000   1.000000
2154.000000   1.000000
2155.000000   1.000000
2156.000000   1.000000
2157.000000   1.000000
2158.000000   1.000000
2159.000000   1.000000
2160.000000   1.000000
2161.000000   1.000000
2162.000000   1.000000
2163.000000   1.000000
2164.000000   1.000000
2165.000000   1.000000
2166.000000   1.000000
2167.000000   1.000000
2168.000000   1.000000
2169.000000   1.000000
2170.000000   1.000000
2171.000000   1.000000
2172.000000   1.000000
2173.000000   1.000000
2174.000000   1.000000
2175.000000   1.000000
2176.000000   1.000000
2177.000000   1.000000
2178.000000   1.000000
2179.000000   1.000000
2180.000000   1.000000
2181.000000   1.000000
2182.000000   1.000000
2183.000000   1.000000
2184.000000   1.000000
2185.000000   1.000000
2186.000000   1.000000
2187.000000   1.000000
2188.000000   1.000000
2189.000000   1.000000
2190.000000   1.000000
2191.000000   1.000000
2192.000000   1.000000
2193.000000   1.000000
2194.000000   1.000000
2195.000000   1.000000
2196.000000   1.000000
2197.000000   1.000000
2198.000000   1.000000
2199.000000   1.000000
2200.000000   1.000000
2201.000000   1.000000
2202.000000   1.000000
2203.000000   1.000000
2204.000000   1.000000
2205.000000   1.000000
2206.000000   1.000000
2207.000000   1.000000
2208.000000   1.000000
2209.000000   1.000000
2210.000000   1.000000
2211.000000   1.000000
2212.000000   1.000000
2213.000000   1.000000
2214.000000   1.000000
2215.000000   1.000000
2216.000000   1.000000
2217.000000   1.000000
2218.000000   1.000000
2219.000000   1.000000
2220.000000   1.000000
2221.000000   1.000000
2222.000000   1.000000
2223.000000   1.000000
2224.000000   1.000000
2225.000000   1.000000
2226.000000   1.000000
2227.000000   1.000000
2228.000000   1.000000
2229.000000   1.000000
2230.000000   1.000000
2231.000000   1.000000
2232.000000   1.000000
2233.000000   1.000000
2234.000000   1.000000
2235.000000   1.000000
2236.000000   1.000000
2237.000000   1.000000
2238.000000   1.000000
2239.000000   1.000000
2240.000000   1.000000
2241.000000   1.000000
2242.000000   1.000000
2243.000000   1.000000
2244.000000   1.000000
2245.000000   1.000000
2246.000000   1.000000
2247.000000   1.000000
2248.000000   1.000000
2249.000000   1.000000
2250.000000   1.000000
2251.000000   1.000000
2252.000000   1.000000
2253.000000   1.000000
2254.000000   1.000000
2255.000000   1.000000
2256.000000   1.000000
2257.000000   1.000000
2258.000000   1.000000
2259.000000   1.000000
2260.000000   1.000000
2261.000000   1.000000
2262.000000   1.000000
2263.000000   1.000000
2264.000000   1.000000
2265.000000   1.000000
2266.000000   1.000000
2267.000000   1.000000
2268.000000   1.000000
2269.000000   1.000000
2270.000000   1.000000
2271.000000   1.000000
2272.000000   1.000000
2273.000000   1.000000
2274.000000   1.000000
2275.000000   1.000000
2276.000000   1.000000
2277.000000   1.000000
2278.000000   1.000000
2279.000000   1.000000
2280.000000   1.000000
2281.000000   1.000000
2282.000000   1.000000
2283.000000   1.000000
2284.000000   1.000000
2285.000000   1.000000
2286.000000   1.000000
2287.000000   1.000000
2288.000000   1.000000
2289.000000   1.000000
2290.000000   1.000000
2291.000000   1.000000
2292.000000   1.000000
2293.000000   1.000000
2294.000000   1.000000
2295.000000   1.000000
2296.000000   1.000000
2297.000000   1.000000
2298.000000   1.000000
2299.000000   1.000000
2300.000000   1.000000
2301.000000   1.000000
2302.000000   1.000000
2303.000000   1.000000
2304.000000   1.000000
2305.000000   1.000000
2306.000000   1.000000
2307.000000   1.000000
2308.000000   1.000000
2309.000000   1.000000
2310.000000   1.000000
2311.000000   1.000000
2312.000000   1.000000
2313.000000   1.000000
2314.000000   1.000000
2315.000000   1.000000
2316.000000   1.000000
2317.000000   1.000000
2318.000000   1.000000
2319.000000   1.000000
2320.000000   1.000000
2321.000000   1.000000
2322.000000   1.000000
2323.000000   1.000000
2324.000000   1.000000
2325.000000   1.000000
2326.000000   1.000000
2327.000000   1.000000
2328.000000   1.000000
2329.000000   1.000000
2330.000000   1.000000
2331.000000   1.000000
2332.000000   1.000000
2333.000000   1.000000
2334.000000   1.000000
2335.000000   1.000000
2336.000000   1.000000
2337.000000   1.000000
2338.000000   1.000000
2339.000000   1.000000
2340.000000   1.000000
2341.000000   1.000000
2342.000000   1.000000
2343.000000   1.000000
2344.000000   1.000000
2345.000000   1.000000
2346.000000   1.000000
2347.000000   1.000000
2348.000000   1.000000
2349.000000   1.000000
2350.000000   1.000000
2351.000000   1.000000
2352.000000   1.000000
2353.000000   1.000000
2354.000000   1.000000
2355.000000   1.000000
2356.000000   1.000000
2357.000000   1.000000
2358.000000   1.000000
2359.000000   1.000000
2360.000000   1.000000
2361.000000   1.000000
2362.000000   1.000000
2363.000000   1.000000
2364.000000   1.000000
2365.000000   1.000000
2366.000000   1.000000
2367.000000   1.000000
2368.000000   1.000000
2369.000000   1.000000
2370.000000   1.000000
2371.000000   1.000000
2372.000000   1.000000
2373.000000   1.000000
2374.000000   1.000000
2375.000000   1.000000
2376.000000   1.000000
2377.000000   1.000000
2378.000000   1.000000
2379.000000   1.000000
2380.000000   1.000000
2381.000000   1.000000
2382.000000   1.000000
2383.000000   1.000000
2384.000000   1.000000
2385.000000   1.000000
2386.000000   1.000000
2387.000000   1.000000
2388.000000   1.000000
2389.000000   1.000000
2390.000000   1.000000
2391.000000   1.000000
2392.000000   1.000000
2393.000000   1.000000
2394.000000   1.000000
2395.000000   1.000000
2396.000000   1.000000
2397.000000   1.000000
2398.000000   1.000000
2399.000000   1.000000
2400.000000   1.000000
2401.000000   1.000000
2402.000000   1.000000
2403.000000   1.000000
2404.000000   1.000000
2405.000000   1.000000
2406.000000   1.000000
2407.000000   1.000000
2408.000000   1.000000
2409.000000   1.000000
2410.000000   1.000000
2411.000000   1.000000
2412.000000   1.000000
2413.000000   1.000000
2414.000000   1.000000
2415.000000   1.000000
2416.000000   1.000000
2417.000000   1.000000
2418.000000   1.000000
2419.000000   1.000000
2420.000000   1.000000
2421.000000   1.000000
2422.000000   1.000000
2423.000000   1.000000
2424.000000   1.000000
2425.000000   1.000000
2426.000000   1.000000
2427.000000   1.000000
2428.000000   1.000000
2429.000000   1.000000
2430.000000   1.000000
2431.000000   1.000000
2432.000000   1.000000
2433.000000   1.000000
2434.000000   1.000000
2435.000000   1.000000
2436.000000   1.000000
2437.000000   1.000000
2438.000000   1.000000
2439.000000   1.000000
2440.000000   1.000000
2441.000000   1.000000
2442.000000   1.000000
2443.000000   1.000000
2444.000000   1.000000
2445.000000   1.000000
2446.000000   1.000000
2447.000000   1.000000
2448.000000   1.000000
2449.000000   1.000000
2450.000000   1.000000
2451.000000   1.000000
2452.000000   1.000000
2453.000000   1.000000
2454.000000   1.000000
2455.000000   1.000000
2456.000000   1.000000
2457.000000   1.000000
2458.000000   1.000000
2459.000000   1.000000
2460.000000   1.000000
2461.000000   1.000000
2462.000000   1.000000
2463.000000   1.000000
2464.000000   1.000000
2465.000000   1.000000
2466.000000   1.000000
2467.000000   1.000000
2468.000000   1.000000
2469.000000   1.000000
2470.000000   1.000000
2471.000000   1.000000
2472.000000   1.000000
2473.000000   1.000000
2474.000000   1.000000
2475.000000   1.000000
2476.000000   1.000000
2477.000000   1.000000
2478.000000   1.000000
2479.000000   1.000000
2480.000000   1.000000
2481.000000   1.000000
2482.000000   1.000000
2483.000000   1.000000
2484.000000   1.000000
2485.000000   1.000000
2486.000000   1.000000
2487.000000   1.000000
2488.000000   1.000000
2489.000000   1.000000
2490.000000   1.000000
2491.000000   1.000000
2492.000000   1.000000
2493.000000   1.000000
2494.000000   1.000000
2495.000000   1.000000
2496.000000   1.000000
2497.000000   1.000000
2498.000000   1.000000
2499.000000   1.000000
